tree
version=v4
num_class=1
num_tree_per_iteration=1
label_index=0
max_feature_idx=10
objective=binary sigmoid:1
feature_names=dow month is_month_end gap_sigma lag_5_day_log_ret_z lag_20_day_log_ret_z lag_20d_volatility_z rel_vol_z prev_close_loc interaction_z hurst_z
feature_infos=-1:1:2:3:4:0 -1:7:9:2:6:5:4:3:8:1:0:10:11 -1:0:1 [-164.54705539396033:77.137591216365422] [-21.517605587435579:19.213095291420451] [-17.313672865412013:18.896920596944799] [-2.7626597967685225:20.404073304456464] [-3.0356425526636004:18.476986542885932] [-1.3783783411249331:2.4249999393750072] [-22.21292063790402:22.11180818497888] [-8.7086674430388538:3.6473252033010093]
tree_sizes=2926 3018 3072 2885 2646 2969 2892 3042 3067 2916 2882 2891 3387 2762 2760 2787 2639 2944 3502 2276 2535 3482

Tree=0
num_leaves=26
num_cat=6
split_feature=2 6 6 3 1 6 5 3 1 6 3 1 5 3 0 6 5 1 6 6 3 6 3 3 4
split_gain=1985.04 870.238 667.038 363.124 198.449 141.175 98.9804 88.9641 81.0284 69.3494 68.7262 68.2953 59.8885 59.2522 77.5308 55.1961 61.7144 41.7749 37.0507 29.4179 24.5149 13.0243 9.68467 9.3836 6.94923
threshold=0 3.3945689690776426 0.45929950861402208 -0.12513987882749056 1 7.3762618877660051 0.62494658085927035 -0.71291851758260139 2 1.4957376543938448 0.21389973405341398 3 0.67268971361105701 -0.049528539920618973 4 0.21119981188723333 0.3718688543972743 5 0.15311593673105292 -0.2777094188373585 -0.11642335157396276 4.6488078414589937 -0.025318708866559774 -0.015342399171399854 0.92449364653861965
decision_type=1 2 2 2 1 2 2 2 1 2 2 1 2 2 1 2 2 1 2 2 2 2 2 2 2
left_child=2 3 4 7 13 11 10 12 -4 20 -5 21 -2 14 -1 16 -6 -8 -9 -15 -10 -3 -7 -13 -24
right_child=1 5 8 6 15 22 17 18 9 -11 -12 23 -14 19 -16 -17 -18 -19 -20 -21 -22 -23 24 -25 -26
leaf_value=-0.029985174269055948 -0.035918041011565892 -0.096528561501602314 -0.0052928701856052932 -0.044304824652536698 -0.10669192486383289 -0.10710336954197125 -0.048455362846763966 -0.040018436283924354 -0.041093308197488992 -0.020884200671476071 -0.048751277559607467 -0.060692218945088569 -0.02028724607779548 -0.10475357729957882 -0.079068322383542194 -0.082308958229115256 -0.13064199254908215 -0.056320444661299512 -0.045824009894154569 -0.08157521076862212 -0.07418115496415878 -0.12569958348143462 -0.12482447065910371 -0.07626592726158736 -0.14511205063942062
leaf_weight=226.30772727553267 9116.0292857996774 147.03289725659852 286.09415949194226 36780.540493880908 1926.1514159705821 117.45340649619175 5986.0621400520095 24782.501968755423 164.44902924570852 292.78747293583001 34227.77783013515 312.6336089016113 1448.8853787557437 449.79845862758521 555.23306119008612 323.83963165181922 767.34788340653176 8138.4254794324306 7245.8151827765105 736.68999824146158 373.79769782067888 166.41655971742875 327.21502421133482 534.98929295553535 116.86963809118606
leaf_count=1309 56322 914 902 278687 10906 699 43228 190161 692 841 245428 1858 8413 2657 3203 1443 4212 56764 46155 4016 1677 1131 2105 3390 782
internal_value=-0.0473972 -0.0455208 -0.087201 -0.0448408 -0.0983779 -0.0959419 -0.0475342 -0.0394573 -0.0373224 -0.0488394 -0.0464481 -0.0817238 -0.0337744 -0.0801388 -0.0650367 -0.109959 -0.113515 -0.0529942 -0.0413318 -0.0903621 -0.0640719 -0.11002 -0.12534 -0.0702527 -0.130164
internal_weight=135551 129449 6102.5 127726 4985.37 1722.61 85132.8 42593.2 1117.13 831.034 71008.3 1161.07 10564.9 1968.03 781.541 3017.34 2693.5 14124.5 32028.3 1186.49 538.247 313.449 561.538 847.623 444.085
internal_count=967895 936037 31858 925158 27746 10879 624107 301051 4112 3210 524115 7293 64735 11185 4512 16561 15118 99992 236316 6673 2369 2045 3586 5248 2887
cat_boundaries=0 1 2 3 4 5 6
cat_threshold=2 1249 324 104 16 2833
is_linear=0
shrinkage=1


Tree=1
num_leaves=27
num_cat=9
split_feature=2 6 6 3 1 6 3 6 8 3 5 5 1 0 6 1 1 5 1 1 3 1 6 3 5 4
split_gain=1714.25 751.818 577.515 313.716 172.556 122.69 99.5709 126.07 78.2313 93.6941 73.5299 72.0732 67.4754 66.083 63.2242 59.5015 59.2214 47.8346 34.6978 24.353 21.099 14.8477 11.3441 8.45506 8.29296 6.08912
threshold=0 3.3945689690776426 0.45929950861402208 -0.23416291521168084 1 7.3762618877660051 0.21389973405341398 0.54518797754538284 0.15517241245541261 -0.11189137157934091 0.0941831215312076 -0.47445754327191675 2 3 0.21119981188723333 4 5 0.22443568468685879 6 7 0.06271193136438076 8 4.6488078414589937 -0.025318708866559774 1.2070418747087868 0.92449364653861965
decision_type=1 2 2 2 1 2 2 2 2 2 2 2 1 1 2 1 1 2 1 1 2 1 2 2 2 2
left_child=1 3 4 10 8 16 7 -5 -2 -10 18 12 -4 -8 17 -12 22 -6 -1 -16 21 -13 -3 -7 -18 -25
right_child=2 5 11 6 14 23 13 -9 9 -11 15 20 -14 -15 19 -17 24 -19 -20 -21 -22 -23 -24 25 -26 -27
leaf_value=0.0021214480698310183 0.013826491574673349 -0.045660881641832532 0.052764790576601217 0.0036685805978386439 -0.052729893155137098 -0.055529227201662736 -0.0080024513052900838 -0.006374224725631661 -0.0075683769972618399 -0.047968189952101704 0.017868438962725844 0.014636209005502214 0.0030143327237274983 -0.00085834784399260722 -0.0083643430334271428 0.008347745573989868 -0.013192635849901199 -0.071003464676177061 0.008364344392439594 -0.045857320559195135 -0.028356978745498397 -0.013289821024896738 -0.072919748920960065 -0.072100220961172717 -0.027495563169028257 -0.091132069867181031
leaf_weight=8267.6763185774143 210.89598965429468 146.7734931793384 264.81315341519075 47931.993372148085 1961.4955294852334 117.18314143352472 8316.1245142803109 7353.2097597194297 462.08826425470761 799.09940466274929 5928.5293877384356 189.53629143820217 296.65059688373003 31961.929880820491 188.28011535960832 7847.1387814577574 358.40421663693269 1164.2860326014925 10126.147600526132 189.36443987651728 186.87372860105825 179.26595129162888 165.85422881595514 326.12719726394789 488.63028514896723 116.32198326446814
leaf_count=56969 1195 914 752 367933 11081 699 60491 48340 2719 4490 42219 795 1054 225468 783 54663 1947 6578 69075 900 797 714 1131 2105 3301 782
internal_value=4.48713e-05 0.00178725 -0.0369758 0.00241867 -0.0473944 -0.0451237 0.000365192 0.00233284 -0.0262554 -0.033166 0.00851877 0.00942655 0.0274725 -0.00233558 -0.0560418 0.0124641 -0.0318708 -0.0595364 0.00556398 -0.0286004 -0.00880735 0.00109854 -0.0582587 -0.0725862 -0.0211934 -0.0771038
internal_weight=135545 129452 6092.65 127733 4975.51 1719.29 95563.3 55285.2 1472.08 1261.19 32169.5 1117.14 561.464 40278.1 3503.43 13775.7 1159.66 3125.78 18393.8 377.645 555.676 368.802 312.628 559.632 847.035 442.449
internal_count=967895 936037 31858 925158 27746 10879 702232 416273 8404 7209 222926 4112 1806 285959 19342 96882 7293 17659 126044 1683 2306 1509 2045 3586 5248 2887
cat_boundaries=0 1 2 3 4 5 6 7 8 9
cat_threshold=1 1185 806 16 2260 104 181 332 2506
is_linear=0
shrinkage=0.0714161


Tree=2
num_leaves=27
num_cat=5
split_feature=2 6 6 3 1 6 3 6 6 9 8 3 1 10 1 3 6 3 3 1 7 6 3 10 7 8
split_gain=1482.22 650.351 501.24 275.64 154.024 107.32 101.714 102.041 69.5598 61.3259 59.3364 61 54.8132 51.8758 51.5747 46.463 43.918 38.6598 18.1265 15.7376 12.9257 9.96899 8.07273 7.56157 3.86807 3.35721
threshold=0 3.3945689690776426 0.45929950861402208 -0.3426404538790136 1 7.3762618877660051 0.21389973405341398 0.067158083340503785 2.2308387523133506 -1.0000000180025095e-35 0.070422534467368875 -0.049528539920618973 2 0.74593908971106437 3 -0.79294486590091851 0.14556931237254866 -0.39320732258820174 -0.071870172525301257 4 -0.21817724034342514 4.6488078414589937 -0.015342399171399854 0.044500749067705479 -0.044614959966737706 0.54166666102430672
decision_type=1 2 2 2 1 2 2 2 2 2 2 2 1 2 1 2 2 2 2 1 2 2 2 2 2 2
left_child=1 3 4 13 10 14 7 -5 12 -8 -2 -12 -4 15 21 -1 17 -6 -14 -15 -18 -3 -16 25 -25 -7
right_child=2 5 8 6 16 23 9 -9 -10 -11 11 -13 18 19 22 -17 20 -19 -20 -21 -22 -23 -24 24 -26 -27
leaf_value=0.015648295850257558 0.018212378333856281 -0.04251967722300784 0.028859028289355979 0.0044669534463985788 -0.037334632718158636 -0.068832608301905948 0.00061074760722352941 -0.0016152989152054739 0.044391035534172202 -0.0049627595500139022 -0.015938726633329972 -0.042435816984439295 0.0055007794647071112 0.017996512722485602 -0.010809445779538115 0.0082100288467484104 -0.046573019824798639 -0.061897912041265254 -0.019426760513351429 0.0023841223292477803 -0.022206838224369814 -0.06812696923050264 -0.025264478031224998 -0.050749445558297822 -0.067854232756655211 -0.084354653681190134
leaf_weight=6790.7626296077451 130.89529751546252 146.37456696127629 233.86088839735021 41901.233234960382 384.80447266116971 156.1386908038985 20187.844912484848 21178.827020391225 223.83146119586308 20087.750366228785 751.64478470216636 1079.5797442890544 226.80043845207183 340.64457274758024 312.28348722174997 11598.543906211109 213.16956650512293 2167.9217352591495 432.5041715828047 5651.7323276683528 231.75889345279575 164.87877702541664 534.00253286609222 135.87887887214674 133.8551124278747 130.43759866679466
leaf_count=40995 737 914 776 331065 2160 1027 143076 142997 544 142883 4358 6090 970 2372 1858 84609 1023 12358 1822 37161 1020 1131 3390 847 834 878
internal_value=4.1492e-05 0.00165966 -0.0344296 0.00224599 -0.0441633 -0.0420412 0.000634699 0.00242487 0.00879064 -0.00216908 -0.0280963 -0.0315598 -0.000130981 0.00907636 -0.029652 0.0109568 -0.0544048 -0.0581952 -0.0106896 0.00330564 -0.0338809 -0.0543387 -0.0196977 -0.0678198 -0.0592377 -0.0758976
internal_weight=135528 129451 6076.77 127737 4959.77 1713.85 103356 63080.1 1117 40275.6 1962.12 1831.22 893.165 24381.7 1157.54 18389.3 2997.65 2552.73 659.305 5992.38 444.928 311.253 846.286 556.31 269.734 286.576
internal_count=967895 936037 31858 925158 27746 10879 760021 474062 4112 285959 11185 10448 3568 165137 7293 125604 16561 14518 2792 39533 2043 2045 5248 3586 1681 1905
cat_boundaries=0 1 2 3 4 5
cat_threshold=1 1249 324 104 2048
is_linear=0
shrinkage=0.0714161


Tree=3
num_leaves=26
num_cat=10
split_feature=2 6 6 1 6 5 1 0 9 6 6 5 6 9 0 1 6 1 0 5 0 5 1 9 5
split_gain=1264.67 532.172 415.393 162.844 112.775 72.1223 53.4886 129.531 45.2935 44.9676 37.1469 36.3775 34.831 34.0093 31.4888 29.2388 26.9606 25.1028 21.4584 17.9849 13.7547 12.2014 11.4956 9.61892 11.0383
threshold=0 4.6488078414589937 0.44199473897186603 1 0.68683265673610194 -1.3653186645983151 2 3 0.22683167536450774 -0.32835828366385372 -0.11117910952323186 2.40779367223297 7.3762618877660051 -0.41351966380181676 4 5 1.4957376543938448 6 7 -0.47445754327191675 8 -0.86287642112623397 9 4.0624939916937457 0.064627772017112728
decision_type=1 2 2 1 2 2 1 1 2 2 2 2 2 2 1 1 2 1 1 2 1 2 1 2 2
left_child=1 4 3 6 8 -4 7 -2 14 13 -8 20 17 -5 -1 -10 19 -3 -11 -7 -6 -19 -13 24 -14
right_child=2 12 5 9 11 16 10 -9 15 18 -12 22 23 -15 -16 -17 -18 21 -20 -21 -22 -23 -24 -25 -26
leaf_value=0.0058695203928871191 0.03602891284722419 -0.053809001700123905 0.03741359134970601 -0.10166812335857738 -0.0018013368381393925 0.0063956638765744912 -0.039966108742453897 -0.045291654504131786 0.002429863214489751 -0.040129998658791348 -0.020343468298982426 -0.0094812946426911706 -0.063624602824490797 -0.061865086026167346 0.0025258312062743792 -0.0026712586659652028 0.018868556077274827 -0.0026745106970612591 -0.060669986730670644 -0.019559472819032052 -0.0074584555561585638 -0.031028096771830091 -0.02637039245145139 -0.073627601009932528 -0.038623436878330357
leaf_weight=17648.641034577959 200.03101122742919 221.27848568612171 295.42520509054884 130.60514951846562 5525.0806819881382 201.84453773801215 1288.2689030279671 180.60229749071914 10409.185283015793 1071.4320458008442 796.10173156683413 415.19256600530389 225.11089479038492 677.07507294352399 77510.17628430661 12726.652887288155 203.04374914101209 116.32409050513525 542.72805021062959 418.42636126126308 3647.7229438157119 231.37908137028353 493.05709149709219 182.03069062558643 150.14100955231697
leaf_count=132871 1088 1410 844 550 33354 801 7747 1004 70526 5945 4089 2783 1423 4210 573618 90278 692 648 3019 1871 22348 1557 3197 1228 966
internal_value=-7.46664e-05 0.00141107 -0.0321126 -0.0410992 0.00183988 0.00714267 -0.027777 -0.00272763 0.0024578 -0.05432 -0.0323164 -0.00541101 -0.047466 -0.0683014 0.00314685 -0.000376286 -0.00371927 -0.0350367 -0.0476606 -0.0111133 -0.00406108 -0.0209402 -0.0190445 -0.0601563 -0.0536215
internal_weight=135508 129502 6005.58 4886.84 128376 1118.74 2465 380.633 118295 2421.84 2084.37 10081.1 1126.26 807.68 95158.8 23135.8 823.315 568.982 1614.16 620.271 9172.8 347.703 908.25 557.283 375.252
internal_count=968067 936207 31860 27652 928975 4208 13928 2092 867293 13724 11836 61682 7232 4760 706489 160804 3364 3615 8964 2672 55702 2205 5980 3617 2389
cat_boundaries=0 1 2 3 4 5 6 7 8 9 10
cat_threshold=1 1257 1 20 1 565 108 14 26 2709
is_linear=0
shrinkage=0.0714161


Tree=4
num_leaves=23
num_cat=6
split_feature=6 3 9 3 0 10 1 6 3 0 3 6 1 9 8 4 1 6 8 0 6 9
split_gain=330.323 273.562 69.5794 53.5444 56.4389 44.2838 39.9941 40.5322 39.9151 32.8427 32.2541 27.3864 23.5875 20.8786 20.1681 17.4026 16.4625 21.0372 16.4151 12.505 8.78253 3.69631
threshold=4.6488078414589937 -0.3426404538790136 0.22683167536450774 0.35179974829015409 0 0.71232834265836797 1 0.0093922874712158103 -0.07551458107031854 2 -0.89675928967263252 0.76400511408397753 3 4.0624939916937457 0.22222222057612939 -0.74391742427583674 4 7.3762618877660051 0.12195121884295115 5 7.3762618877660051 -1.1890469398309433
decision_type=2 2 2 2 1 2 1 2 2 1 2 2 1 2 2 2 1 2 2 1 2 2
left_child=1 5 3 11 -5 10 7 -4 -2 -8 15 -3 19 16 -12 -1 21 -18 -14 -7 -15 -10
right_child=8 2 6 4 -6 12 9 -9 13 -11 14 -13 18 20 -16 -17 17 -19 -20 -21 -22 -23
leaf_value=0.022950943450030792 -0.00078665813552022241 0.0011385707218059913 0.0043991619191201545 -0.00024104840650487628 -0.0074147549121411664 -0.00099704101741707901 -0.013425739943568873 -0.0059808824078156934 -0.044236235308397952 -0.0051868138971003109 0.001374235048620967 -0.0047445733197286699 -0.0062358432386256431 -0.043358898946817499 0.0082046215621486372 0.01158796672776531 -0.012298652401569625 -0.041398363484747361 0.0054275988449622083 -0.015967128147021944 -0.068381930354879744 -0.060838992219319196
leaf_weight=799.56288337854858 136.31076210807078 58300.887973379831 4046.4360495137935 13100.859812828496 9758.4431383007741 686.96145876176161 3078.6588139400974 3648.6970205925873 139.3170490062912 12609.778029965766 2801.0287381444723 4335.7174579884813 709.33736983868312 122.23182359538259 10357.62722268847 4901.3278792221081 256.35012381196429 250.54830536151348 4649.0424629345334 484.6522128618326 172.48680470805266 134.33854997970775
leaf_count=4086 683 443262 29204 91641 68348 4697 21134 23436 878 86413 19277 26716 4278 773 75330 29053 1497 1482 30510 3264 1170 935
internal_value=-7.08388e-05 0.000264139 -0.00129251 -0.000348349 -0.00330679 0.00693961 -0.00474459 -0.000521925 -0.0371935 -0.00681112 0.00869463 0.000731338 0.00187087 -0.0418087 0.00675067 0.0131817 -0.0356938 -0.0261658 0.00387637 -0.00727232 -0.0580039 -0.0505398
internal_weight=135481 134269 108879 85495.9 22859.3 25389.5 23383.6 7695.13 1211.58 15688.4 18859.5 62636.6 6529.99 1075.27 13158.7 5700.89 780.554 506.898 5358.38 1171.61 294.719 273.656
internal_count=968067 960649 790154 629967 159989 170495 160187 52640 7418 107547 127746 469978 42749 6735 94607 33139 4792 2979 34788 7961 1943 1813
cat_boundaries=0 1 2 3 4 5 6
cat_threshold=13 561 1 48 232 14
is_linear=0
shrinkage=0.0714161


Tree=5
num_leaves=26
num_cat=4
split_feature=2 6 6 3 5 5 6 5 6 0 3 9 3 9 3 3 3 3 0 10 0 5 5 3 9
split_gain=1092.1 416.912 368.579 197.565 77.8798 65.6556 60.6573 55.1371 50.7606 45.4829 44.9433 43.2947 37.3968 37.0329 31.5648 34.7442 27.319 24.7674 37.8852 21.7005 19.794 16.3179 14.3066 8.51933 6.25856
threshold=0 3.3945689690776426 0.44199473897186603 -0.12513987882749056 0.62494658085927035 -1.7868063395072145 7.3762618877660051 0.13046443201039451 -0.20106687154034023 1 -0.56006323483842968 0.16880122564512898 0.67929887731647054 -0.3887562402487918 -0.25852391243273481 0.45622376924541591 -0.067893080942810977 0.04945898348092638 2 0.74593908971106437 3 0.22443568468685879 4.3438658075840886 -0.025318708866559774 4.0624939916937457
decision_type=1 2 2 2 2 2 2 2 2 1 2 2 2 2 2 2 2 2 1 2 1 2 2 2 2
left_child=2 3 8 7 11 -4 16 19 9 13 -9 -5 -6 -1 20 -16 -3 18 -7 -2 -10 -11 -18 -8 -25
right_child=1 6 5 4 12 17 23 10 14 21 -12 -13 -14 -15 15 -17 22 -19 -20 -21 -22 -23 -24 24 -26
leaf_value=-0.06376000269753293 0.004819879941764655 -0.0016863768249015974 0.042731203983620604 0.0016383595615333093 -0.0037857090945332488 0.031652015523040845 -0.036921543815050764 0.013904251946149651 0.0067165278194288571 -0.051908728954576919 0.0062260393976439491 -0.0027677164589729585 -0.015734852160981007 -0.032710112696720972 -0.039630856587452544 -0.013773900950059094 -0.02441831733563193 -0.016806648581516422 -0.0061243655786500937 -3.4582266114643595e-05 -0.02397720464842475 -0.071573334527024302 -0.044271334101384681 -0.052180813496992169 -0.07067627111432033
leaf_weight=231.23537747241789 19185.051011231149 216.56129769928521 213.14157951145899 56781.939423650678 12649.794730372958 202.41252373589668 123.61143780758721 5923.3980257713301 148.22416895218521 535.31124469738279 11315.66584164471 14223.422224711117 1493.560408216641 1282.4689275082856 1614.605527539421 317.09875444322824 677.34968531079357 333.11204243687098 369.61681295367816 6218.9836615161912 375.05028035154101 359.93364041747736 254.75994805789378 285.37448935331486 138.64660796240787
leaf_count=1140 135226 1172 548 422695 91278 731 737 38208 787 3249 85244 101387 8851 7904 8857 1608 4349 1389 1540 42439 1938 2169 1741 1898 982
internal_value=-6.61214e-05 0.00131211 -0.0298987 0.00177899 -0.000208184 0.00707126 -0.0338604 0.00574693 -0.0383986 -0.0457636 0.0088643 0.000755757 -0.00504756 -0.0372075 -0.0311716 -0.0353863 -0.0245358 -0.0013259 0.00768907 0.00363149 -0.0156127 -0.0591541 -0.0298445 -0.0534191 -0.0582285
internal_weight=135470 129488 5982.21 127792 85148.7 1118.28 1696.3 42643.1 4863.93 2408.95 17239.1 71005.4 14143.4 1513.7 2454.98 1931.7 1148.67 905.141 572.029 25404 523.274 895.245 932.11 547.633 424.021
internal_count=968067 936207 31860 925328 624211 4208 10879 301117 27652 14462 123452 524082 100129 9044 13190 10465 7262 3660 2271 177665 2725 5418 6090 3617 2880
cat_boundaries=0 1 2 3 4
cat_threshold=2 26 6 6
is_linear=0
shrinkage=0.0714161


Tree=6
num_leaves=26
num_cat=10
split_feature=2 6 6 3 1 6 3 6 6 0 1 0 5 1 1 1 5 1 6 3 1 5 5 4 8
split_gain=963.542 365.871 348.568 173.304 114.143 86.4069 67.1657 88.2383 63.3655 55.9708 82.4312 52.3538 50.8525 48.0704 43.1836 37.1684 32.3042 28.552 24.3317 21.6737 19.3838 18.6352 11.8225 7.61055 14.6896
threshold=0 2.7089054285923626 0.72250797013698131 -0.20171794008694829 1 7.3762618877660051 0.35179974829015409 -0.043254704110868937 0.19299882517720432 2 3 4 0.0941831215312076 5 6 7 0.16086020770311596 8 1.4957376543938448 -0.14301373687626842 9 0.55906583900354356 4.3438658075840886 1.3460832262588009 0.29999998500001057
decision_type=1 2 2 2 1 2 2 2 2 1 1 1 2 1 1 1 2 1 2 2 1 2 2 2 2
left_child=2 3 4 12 9 13 7 -5 16 10 -1 -8 17 22 -14 -4 -6 -2 -17 -15 -10 -11 -3 24 -7
right_child=1 5 15 6 8 23 11 -9 20 21 -12 -13 14 19 -16 18 -18 -19 -20 -21 -22 -23 -24 -25 -26
leaf_value=0.0097587782829404255 0.0088148742695850039 -0.030565468928314105 0.037177619746215355 0.003733797566638046 -0.041475523747698355 -0.06796149183514151 -0.0088600221467033061 -0.0015781993881003489 -0.041417933847118671 -0.032437079384987431 -0.026367689356826301 -0.0011562114115053297 0.014734989477304779 0.016308623243705488 0.0065482288834829072 -0.010146749854503425 -0.057747952108802708 0.0023134904343703705 0.020880647602047674 -0.013972091996332987 -0.011676174753861348 -0.06154413677127489 -0.054516952718115026 -0.068008156552913646 -0.038899688583453218
leaf_weight=515.35897885650866 4427.6089048219801 471.9508347455303 269.87237410020316 37202.941158763118 1471.0859090780143 125.91148501593852 5681.2926216531596 27917.258481772878 166.69247603940312 586.19805512501625 839.33362505192326 21527.646177765 4941.5443293425242 137.45808965238393 9990.3548867089448 270.76660102629103 1078.320209051876 15530.523984783969 246.04213299570256 980.52781601589595 383.96373588946881 138.73382985796707 135.22451732004993 117.61368094942009 300.20916187583498
leaf_count=2923 29956 2789 824 298254 8597 862 40424 191051 778 3404 4690 148737 35422 703 70400 1114 6238 107680 742 6373 1714 800 915 806 1940
internal_value=3.18863e-05 0.00132482 -0.0280286 0.00183178 -0.0347558 -0.0271011 0.000211441 0.00145653 -0.0434728 -0.0214493 -0.0126535 -0.00276847 0.00611967 -0.0192769 0.0092718 0.0162647 -0.0483583 0.00376136 0.00453698 -0.0101582 -0.0216437 -0.0374903 -0.035318 -0.0519258 -0.047487
internal_weight=135454 129488 5966.37 127219 5179.69 2268.9 92329.1 65120.2 3100.06 2079.62 1354.69 27208.9 34890 1725.16 14931.9 786.681 2549.41 19958.1 516.809 1117.99 550.656 724.932 607.175 543.734 426.121
internal_count=968136 936312 31824 921924 29144 14388 678466 489305 17327 11817 7613 189161 243458 10780 105822 2680 14835 137636 1856 7076 2492 4204 3704 3608 2802
cat_boundaries=0 1 2 3 4 5 6 7 8 9 10
cat_threshold=2 1249 22 33 16 108 2244 2148 3584 18
is_linear=0
shrinkage=0.0714161


Tree=7
num_leaves=27
num_cat=6
split_feature=2 6 6 6 6 6 0 5 9 0 0 0 9 9 4 0 5 7 9 8 8 7 6 4 8 4
split_gain=835.286 316.894 303.931 76.5089 58.071 40.7727 40.1543 37.142 27.9962 25.7853 25.0453 23.9589 22.5503 22.2379 19.6547 16.9095 15.8501 13.8216 12.8306 12.7589 12.0551 8.56509 8.55277 6.91561 13.1114 6.62486
threshold=0 2.7089054285923626 0.62378137501759456 7.3762618877660051 0.14556931237254866 -0.3415596082356363 1 -1.6730768972236085 -0.28603247488169009 2 3 4 0.19279273649028059 0.80329801149528335 0.18539435158285403 5 4.3438658075840886 0.43459002798815349 0.60113986244788542 0.91044774760526892 0.14705881920414934 -0.34042510343154514 1.0470467114762918 1.3460832262588009 0.29999998500001057 0.473974314129817
decision_type=1 2 2 2 2 2 1 2 2 1 1 1 2 2 2 1 2 2 2 2 2 2 2 2 2 2
left_child=2 4 5 16 13 6 12 -4 -8 14 -9 22 -1 15 -7 -2 17 -3 -13 -15 -11 -12 -6 24 -5 -18
right_child=1 3 7 23 11 9 8 10 -10 20 21 18 -14 19 -16 -17 25 -19 -20 -21 -22 -23 -24 -25 -26 -27
leaf_value=-0.034683106782165643 0.003900151855376989 -0.019060884894422696 0.038362565127222491 -0.064068175542473613 0.0022138599258909849 -0.017930211517204989 -0.076810603778160388 0.021761028011165501 -0.046587115507328428 -0.054796622898294275 -0.017285353522080212 -0.0018279872696187231 -0.00048731861117918998 -0.0062978985191672254 -0.03163090099508347 0.0019494188704162986 -0.043492026868330522 -0.0032034968811419677 -0.0067736180931590468 0.006982693696894921 -0.034498960362930153 0.0030604451384964437 -0.0030400656473067813 -0.064280611395704831 -0.03643650694501431 -0.022631434231589941
leaf_weight=589.56207410496427 37401.266712293735 1024.1253260318881 214.05366766697261 124.09172848868184 10083.96355418595 1288.3213194154923 208.05503151300945 246.92829412629362 628.57683812416235 171.7718187852297 200.37368070546654 14252.646297625502 118.04998028840782 2134.3358418728349 912.15061285927095 57732.375200788309 147.65423890194506 386.00643090438098 3293.7354946002124 446.05978336142653 1137.4694455284334 222.94922304979991 1873.9380082027437 115.62124741768639 297.70884008004214 163.76045329138651
leaf_count=3777 281817 6667 540 862 64111 7099 1003 839 3828 979 850 90541 734 13928 4924 436233 1016 2032 20736 2988 6365 886 11570 806 1940 1065
internal_value=2.90985e-05 0.00123029 -0.0261616 -0.0252838 0.00170109 -0.0329199 -0.0425903 0.0124634 -0.0534641 -0.028665 0.00419219 -0.00107566 -0.0285745 0.00253952 -0.0235027 0.00271695 -0.0179404 -0.0147201 -0.00275479 -0.00400215 -0.0368803 -0.00641832 0.00138935 -0.0488071 -0.0445656 -0.0325223
internal_weight=135416 129477 5938.26 2258.97 127218 5053.96 1544.24 884.305 836.632 3509.71 670.251 29504.3 707.612 97714 2200.47 95133.6 1721.55 1410.13 17546.4 2580.4 1309.24 423.323 11957.9 537.422 421.801 311.415
internal_count=968136 936312 31824 14388 921924 28709 9342 3115 4831 19367 2575 186958 4511 734966 12023 718050 10780 8699 111277 16916 7344 1736 75681 3608 2802 2081
cat_boundaries=0 1 2 3 4 5 6
cat_threshold=2 24 22 3 10 5
is_linear=0
shrinkage=0.0714161


Tree=8
num_leaves=27
num_cat=5
split_feature=2 6 6 3 3 6 6 0 6 5 0 6 4 0 3 5 8 5 5 9 3 0 5 4 8 4
split_gain=723.63 274.455 265.357 152.508 73.9814 78.6498 67.8471 49.3821 42.9851 41.5618 38.4521 34.0691 27.0455 31.2106 23.1708 22.45 20.6873 20.0522 18.2732 17.2469 15.9435 14.8787 6.99315 12.3383 7.81998 4.16987
threshold=0 2.7089054285923626 0.72250797013698131 -0.41226504739104891 0.27946034548986048 -0.065919446715640775 7.3762618877660051 1 -0.12425112591304151 0.71249461285235627 2 -0.83388290900479234 -0.25639069741479209 3 -0.095097038701177819 -1.0465361651801315 0.062499998046879231 -0.065233560633288487 -0.12411846108108841 -0.10919308409954036 0.018174787024457541 4 0.064627772017112728 0.21716980982887027 0.45714285278911676 0.16622694405734814
decision_type=1 2 2 2 2 2 2 1 2 2 1 2 2 1 2 2 2 2 2 2 2 1 2 2 2 2
left_child=1 3 8 9 5 -5 14 -6 10 19 11 -2 13 -10 25 -4 -11 -12 -16 -1 -17 -14 24 -24 -8 -3
right_child=2 6 15 4 7 -7 22 -9 12 16 17 -13 21 -15 18 20 -18 -19 -20 -21 -22 -23 23 -25 -26 -27
leaf_value=0.0092002523792455403 -0.058769127603351588 -0.0065226071227108559 0.029234185852164137 0.0038769603573328469 -0.0076498522120367392 -0.00082678924093381335 -0.068381055174578292 -0.00088188784698895752 0.014409709320585995 -0.011730947453310612 -0.035567397125615116 -0.025859731871319288 -0.013254345360509652 -0.019522745182098896 -0.0097974858010298344 0.015764444437691271 0.017294557030028582 -0.055308730040449582 -0.02655484095114417 0.0044760486949557664 -0.010652752916250788 -0.032725864537224959 -0.019444447490960935 -0.051067264033762903 -0.043838527206658061 0.010661430343256267
leaf_weight=5845.9256311201243 178.28512700140732 149.20408930699341 308.98348834653734 40410.552226832202 6929.8833112390639 32883.211376563027 111.66681985225296 26517.392843577523 168.47433104398078 132.12173029478436 436.16890490823425 1602.9497906494021 300.75273853266845 661.12604800898407 523.70784045537584 273.73879590176512 2403.9209259835006 658.78495826422591 906.15235660070903 12097.745418386086 202.87787233563722 1118.7757424350148 110.66955291034537 145.87679236165422 162.68136316708114 139.22853806984494
leaf_count=37256 991 780 867 324114 50015 225907 826 185495 859 731 2569 9741 1562 3447 3016 1026 15319 4087 6239 83087 787 5888 722 991 1069 745
internal_value=2.67746e-05 0.0011424 -0.0244094 0.0015796 0.000496523 0.00176663 -0.023587 -0.00228668 -0.0303335 0.00722466 -0.0361171 -0.0289909 -0.0229375 -0.0126934 -0.0166925 0.0142401 0.0157824 -0.0470155 -0.0204172 0.00601516 0.00451963 -0.0289244 -0.0459019 -0.0374257 -0.053828 0.00177225
internal_weight=135381 129470 5910.92 127221 106741 73293.8 2249.19 33447.3 5125.32 20479.7 2876.19 1781.23 2249.13 829.6 1718.29 785.6 2536.04 1094.95 1429.86 17943.7 476.617 1419.53 530.895 256.546 274.348 288.433
internal_count=968136 936312 31824 921924 785531 550021 14388 235510 29144 136393 17388 10732 11756 4306 10780 2680 16050 6656 9255 120343 1813 7450 3608 1713 1895 1525
cat_boundaries=0 1 2 3 4 5
cat_threshold=1 16 26 2 4
is_linear=0
shrinkage=0.0714161


Tree=9
num_leaves=26
num_cat=9
split_feature=2 6 6 3 1 3 1 9 5 3 6 6 1 8 8 1 1 1 5 1 6 8 1 9 9
split_gain=601.724 257.92 236.464 148.397 135.737 55.4716 53.6781 52.0274 51.8982 49.1365 45.2248 44.9553 38.1864 40.3826 40.0529 36.1893 30.1916 28.7783 28.1025 20.2669 19.8395 18.5549 15.1394 11.3721 6.16843
threshold=0 0.44199473897186603 2.7089054285923626 -0.23416291521168084 1 -0.10787745936520526 2 0.67554852365925566 0.51978890968452407 0.23615325043403951 1.3530514537485105 7.3762618877660051 3 0.72857142336734571 0.081967212442890056 4 5 6 0.42876839065376543 7 -0.10108767199601838 0.14705881920414934 8 -0.1254052826968873 4.0624939916937457
decision_type=1 2 2 2 1 2 1 2 2 2 2 2 1 2 2 1 1 1 2 1 2 2 1 2 2
left_child=2 4 3 8 12 19 -3 9 16 -5 23 15 13 -2 -14 -7 -1 -10 21 -4 -20 -6 -9 -8 -13
right_child=1 6 5 7 18 11 10 22 17 -11 -12 24 14 -15 -16 -17 -18 -19 20 -21 -22 -23 -24 -25 -26
leaf_value=0.0088887097961732591 -0.015280539494718666 0.040802476617377507 0.024718573344560669 0.0018402769814197281 -0.053934466980220246 -0.038709132424076795 0.00077370694797314311 -0.0025719073886856752 0.0051213683048432889 -0.0015980077433907216 0.021170336108411954 -0.039538978484575375 0.012248185058611971 0.033568009184786071 -0.024347500254145279 -0.012858886040373057 0.0029230664019849876 0.015233237891055188 -0.064489224771193301 -0.011675390009870452 -0.0373307134854408 -0.034130032777780865 -0.0092588115114784764 -0.019713952020706183 -0.056664073004319672
leaf_weight=5497.7017485621391 216.31174117537103 201.36003852431895 146.5055473446846 52562.490022066035 289.03050297776645 383.39376231417191 231.44221004659994 3442.901279760843 2332.1593865189375 35527.437390937994 347.8822073614283 336.4915940576866 166.19684420418344 143.62500992685091 1855.4819493364221 1066.1494074340735 20386.410906003195 3874.1384599036405 401.32882508487091 148.32319265717524 208.43725879424164 1460.5774500116386 3508.5355469733931 342.91695780464215 157.48205787870393
leaf_count=39002 1257 577 733 399773 1705 2579 1006 22300 15972 254207 1060 2314 922 774 10861 6872 141281 26069 2318 772 1188 8525 23152 1569 1159
internal_value=-1.74078e-05 -0.0223917 0.00099686 0.00140199 -0.0296828 -0.0220136 0.00837273 -1.57992e-05 0.00560103 0.000453587 0.000840558 -0.0263924 -0.0174045 0.00409758 -0.021234 -0.0200518 0.00419471 0.0114663 -0.0418257 0.0068518 -0.0552056 -0.0374017 -0.00596395 -0.0114583 -0.0449986
internal_weight=135235 5864.59 129370 127132 4740.99 2238.35 1123.6 95041.4 32090.4 88089.9 922.241 1943.52 2381.62 359.937 2021.68 1449.54 25884.1 6206.3 2359.37 294.829 609.766 1749.61 6951.44 574.359 493.974
internal_count=967947 31762 936185 921756 27550 14429 4212 699432 222324 653980 3635 12924 13814 2031 11783 9451 180283 42041 13736 1505 3506 10230 45452 2575 3473
cat_boundaries=0 1 2 3 4 5 6 7 8 9
cat_threshold=1 1257 260 1 104 3136 1864 1880 1587
is_linear=0
shrinkage=0.0714161


Tree=10
num_leaves=26
num_cat=12
split_feature=2 6 6 3 1 3 3 9 0 1 6 1 6 6 0 3 1 1 6 3 1 1 1 1 4
split_gain=521.577 224.67 205.111 130.104 119.723 51.0607 48.3995 47.7136 47.5901 82.7289 46.9065 46.7499 40.0342 39.0359 32.9916 96.5211 31.8288 22.0467 35.165 21.2528 17.6229 16.5024 14.5038 10.2862 6.17044
threshold=0 0.44199473897186603 2.7089054285923626 -0.3426404538790136 1 0.21389973405341398 -0.10787745936520526 0.024334824541543069 2 3 0.14556931237254866 4 7.3762618877660051 1.3530514537485105 5 -0.40254112009918935 6 7 0.31988277248043684 -0.85893605994729216 8 9 10 11 0.92449364653861965
decision_type=1 2 2 2 1 2 2 2 1 1 2 1 2 2 1 2 1 1 2 2 1 1 1 1 2
left_child=1 4 3 17 8 10 20 -7 9 -1 -5 -3 16 23 15 -6 -8 18 -2 -19 -4 -16 -10 -13 -14
right_child=2 11 6 5 14 7 12 -9 22 -11 -12 13 24 -15 21 -17 -18 19 -20 -21 -22 -23 -24 -25 -26
leaf_value=0.016100575476426487 0.0015189976948011877 0.038110204753491639 0.023026399201967244 0.0026704209662020526 0.022099534482046743 0.00042966424735587337 -0.036265687082283567 -0.0045170757124398369 -0.01830158792489547 -0.019809299017481824 -0.0017055190127175746 0.00077444754681384132 -0.037681222891142188 0.019679904805336997 -0.037589086472566639 -0.038549317035588365 -0.01196483312323778 0.011353837849070198 0.016141704544390789 0.0057568474420248358 -0.010903406408372646 -0.064401172510117732 -0.038248116762681889 -0.018606426312397506 -0.056145939897384645
leaf_weight=476.29414895872833 7743.7830311942216 200.91130025289021 146.76491602952592 45369.959217800621 147.60142401594203 22097.410268492549 380.77215504412015 18082.931051433476 422.40462609575479 999.99065805926239 17241.126489325216 244.8795940981945 363.75510829417181 347.51620723475935 358.75963691810466 1434.9624959315188 1064.7850284455126 5163.3988759744079 940.67077727313517 10489.72720430771 148.19499074702617 395.94600079639349 475.47203982235806 329.06856696456816 123.69201243043062
leaf_count=2754 53796 577 733 355848 840 157324 2579 128427 2639 5769 115340 1049 2539 1060 2459 8394 6872 29521 5353 76147 772 2043 2652 1526 934
internal_value=-1.64837e-05 -0.0209047 0.000925542 0.00130201 -0.0277451 0.00019033 -0.0205559 -0.00179659 -0.0162152 -0.00819331 0.00146542 0.00780977 -0.0246677 0.00078116 -0.0392199 -0.0326862 -0.0186995 0.00599727 0.00309931 0.00759824 0.00639025 -0.0523139 -0.0291693 -0.0106481 -0.0423667
internal_weight=135191 5833.81 129357 127129 4711.43 102791 2227.96 40180.3 2374.16 1476.28 62611.1 1122.38 1933 921.464 2337.27 1582.56 1445.56 24337.6 8684.45 15653.1 294.96 754.706 897.877 573.948 487.447
internal_count=967947 31762 936185 921756 27550 756939 14429 285751 13814 8523 471188 4212 12924 3635 13736 9234 9451 164817 59149 105668 1505 4502 5291 2575 3473
cat_boundaries=0 1 2 3 4 5 6 7 8 9 10 11 12
cat_threshold=2 1257 22 33 260 14 104 785 1880 772 1216 3648
is_linear=0
shrinkage=0.0714161


Tree=11
num_leaves=26
num_cat=12
split_feature=2 6 6 3 1 0 1 3 3 1 10 1 4 6 3 0 3 1 1 6 6 1 1 1 4
split_gain=453.152 196.068 177.925 113.159 102.413 42.9373 71.5588 42.2277 41.9825 56.9441 39.4875 39.3858 39.2779 35.6479 35.0687 31.8092 83.262 30.562 28.0135 25.958 16.0916 15.3287 12.8284 11.4411 5.65443
threshold=0 0.45929950861402208 2.7089054285923626 -0.07551458107031854 1 2 3 -0.10787745936520526 1.2519925247896713 4 0.50523665524827299 5 0.88497331672488089 7.3762618877660051 -0.73759896992001739 6 -0.40254112009918935 7 8 1.3530514537485105 0.11739924550575732 9 10 11 0.92449364653861965
decision_type=1 2 2 2 1 1 1 2 2 1 2 1 2 2 2 1 2 1 1 2 2 1 1 1 2
left_child=2 4 3 10 5 6 -2 21 12 -10 14 -3 -5 18 -1 16 -6 -12 -9 23 -17 -4 -7 -13 -15
right_child=1 11 7 8 15 22 -8 13 9 -11 17 19 -14 24 -16 20 -18 -19 -20 -21 -22 -23 -24 -25 -26
leaf_value=0.010000244279191254 0.014914382474044708 0.033298308527446745 0.021458044330273922 0.0004872852225253694 0.020496330459531122 -0.014759500196664211 -0.018439168345795658 -0.030908208804183188 -0.022734746006054529 -0.0021560623757182662 0.012839102615483223 0.0036296246049227388 -0.0045302248633536961 -0.035396989092049899 0.0041771538241300362 -0.054989150990956789 -0.035650456913426241 0.00019338439031579423 -0.009769501657927504 0.016045151981287056 -0.027920032891134261 -0.010182539279267357 -0.034286283064733171 -0.017571534945310413 -0.053230550388876627
leaf_weight=6647.9373137844013 478.21536783967531 228.63084099930711 146.96730429399759 66790.899569797475 148.68272551693371 320.66248111140158 999.94990496834816 503.78877576280502 974.95347796869464 2284.3307672256924 1033.4465856389143 214.88220782252029 9033.5006460212317 359.72645400511101 25537.17871765183 610.6895240879021 1433.0909629882808 14823.109643403255 937.73818552227749 336.04945018060971 137.16389133823395 148.06640876212623 576.06113839521549 318.68188733493662 121.24067797478347
leaf_count=40766 2761 665 733 499923 842 1977 5788 3470 5853 11967 7581 918 61652 2539 190801 3840 8434 103213 5981 1043 678 772 3337 1479 934
internal_value=-1.66918e-05 -0.0195408 0.000859225 0.00120906 -0.0258835 -0.0152273 -0.00762093 -0.0191959 -0.000451635 -0.00838816 0.00394281 0.00762923 -0.000110486 -0.0230566 0.00537993 -0.0365245 -0.030182 0.00102578 -0.0174393 0.000491986 -0.0493643 0.00596099 -0.0275434 -0.00929449 -0.0398924
internal_weight=135146 5802.76 129343 127125 4704.52 2374.89 1478.17 2217.53 79083.7 3259.28 48041.7 1098.24 75824.4 1922.49 32185.1 2329.63 1581.77 15856.6 1441.53 869.614 747.853 295.034 896.724 533.564 480.967
internal_count=967947 31762 936185 921756 27657 13863 8549 14429 579395 17820 342361 4105 561575 12924 231567 13794 9276 110794 9451 3440 4518 1505 5314 2397 3473
cat_boundaries=0 1 2 3 4 5 6 7 8 9 10 11 12
cat_threshold=1 1257 22 33 2848 1028 14 2048 360 1880 1152 2880
is_linear=0
shrinkage=0.0714161


Tree=12
num_leaves=30
num_cat=8
split_feature=3 6 5 1 3 1 1 3 6 5 1 6 3 8 1 1 5 3 9 0 9 9 1 3 3 6 8 5 4
split_gain=122.923 115.652 65.2602 47.3616 41.0729 56.8018 38.7242 35.1054 31.9443 31.6933 43.3434 58.3794 37.5978 33.6764 28.0349 28.0209 18.0007 21.9464 19.2552 17.0912 15.6865 15.0325 18.4852 10.6647 10.2988 7.00389 3.68453 7.62948 1.48911
threshold=-0.23416291521168084 4.6488078414589937 0.74185775616305694 0 1.5688896029563213 1 2 0.04945898348092638 -0.45350731131627547 0.0941831215312076 3 -0.090765549047922875 -0.82552155890589007 0.09374999934082158 4 5 -0.74557145021336846 -0.82552155890589007 0.24958944458636148 6 -0.26044748486349895 0.64997866559523643 7 -2.1871451220335083 -0.82552155890589007 7.3762618877660051 0.27310080546556131 4.3438658075840886 0.15970933524437783
decision_type=2 2 2 1 2 1 1 2 2 2 1 2 2 2 1 1 2 2 2 1 2 2 1 2 2 2 2 2 2
left_child=9 2 4 8 6 -6 -2 -5 -4 15 11 24 13 -12 25 16 17 -1 -18 -14 -13 23 -23 -17 -11 28 -16 -28 -3
right_child=1 14 3 7 5 -7 -8 -9 -10 10 12 20 19 -15 26 21 18 -19 -20 -21 -22 22 -24 -25 -26 -27 27 -29 -30
leaf_value=0.039475534576871828 0.0018607618791738375 0.0036806119932130421 -0.025369606817335015 0.002851825190470027 0.00058862780541815783 -0.023869834387921021 -0.0012131288417898069 -0.0061573415061754247 -0.0088483338797381798 -0.015172603294272743 -0.0079841490979194636 0.03326578674919118 0.012797667257005204 0.01812529318571374 -0.043067993824993191 0.009359356099289777 0.0026356215178526313 0.011157546076530033 0.024259420785687755 0.0044669160575871577 0.0087664278950813843 0.0038945987647238446 -0.021162889973854335 0.00083312658420483274 -0.0043999249895397951 -0.019507955930771575 -0.023023648112114804 -0.041628877372377686 -0.0074563113471802786
leaf_weight=181.76042219053488 36907.053804488998 122.37924121611286 709.06124643325165 3732.999426817174 1091.9560885997635 865.30776831356343 48175.064068204563 5392.6877679483387 3773.3119554894702 629.49858860859104 278.67614108940961 150.86552462751206 1569.4515547833489 2627.6593570026471 175.96359006793136 787.94766539562261 1877.5815591332102 601.51416535573662 236.48051192355342 6390.2674933555272 1144.3757996870263 268.16107268377118 331.99958867110263 14837.901439483552 1610.828538167566 217.17214300116757 264.94319616393113 195.26099986635381 122.55496475961991
leaf_count=917 267478 683 4122 27430 5402 4719 358960 36967 25809 3879 1518 855 11538 15884 1199 3491 13055 3841 1618 47198 7225 1638 1815 103500 12463 1437 1730 1415 774
internal_value=0.000150245 -0.00108552 -0.000834006 -0.00543317 -0.000114955 -0.0103434 0.000120344 -0.0024693 -0.0114363 0.00390071 0.00643101 -0.000447857 0.00866168 0.0156218 -0.024135 0.00199516 0.00845172 0.0177288 0.00505448 0.00613122 0.01162 0.000836545 -0.0102545 0.00126307 -0.00742689 -0.0099553 -0.033748 -0.0309177 -0.00189184
internal_weight=135271 101746 100647 13608.1 87039.4 1957.26 85082.1 9125.69 4482.37 33525 14401.6 3535.57 10866.1 2906.34 1098.27 19123.3 2897.34 783.275 2114.06 7959.72 1295.24 16226 600.161 15625.8 2240.33 462.106 636.168 460.204 244.934
internal_count=968560 738125 730887 94328 636559 10121 626438 64397 29931 230435 100560 24422 76138 17402 7238 129875 19431 4758 14673 58736 8080 110444 3453 106991 16342 2894 4344 3145 1457
cat_boundaries=0 1 2 3 4 5 6 7 8
cat_threshold=46 1115 1828 1792 3604 2560 16 1473
is_linear=0
shrinkage=0.0714161


Tree=13
num_leaves=25
num_cat=12
split_feature=2 6 6 1 0 6 1 9 8 0 6 1 0 0 0 1 1 6 10 6 1 10 8 6
split_gain=428.181 168.011 154.407 76.8743 126.572 42.2831 41.7864 35.5924 35.2665 34.7941 28.9807 26.6243 47.2651 30.8163 24.4425 20.9225 19.3567 15.4767 13.7224 8.6717 8.65569 7.80957 7.25096 3.87498
threshold=0 0.22090334329822672 4.6488078414589937 1 2 1.0470467114762918 3 0.93900782557765716 0.21021895151970685 4 1.3530514537485105 5 6 7 8 9 10 -0.56247772897473658 0.78170354936807718 7.3762618877660051 11 0.79241134946548786 0.097902097217468051 7.3762618877660051
decision_type=1 2 2 1 1 2 1 2 2 1 2 1 1 1 1 1 1 2 2 2 1 2 2 2
left_child=2 3 5 4 -2 7 9 14 -6 -3 20 13 -13 -5 -1 19 22 -9 23 -4 -8 -18 -7 -17
right_child=1 6 15 11 8 16 10 17 -10 -11 -12 12 -14 -15 -16 18 21 -19 -20 -21 -22 -23 -24 -25
leaf_value=-0.00034227742708862146 -0.05539833985167255 0.036068526156780925 -0.0015550057305821778 -0.014141818946732309 0.048042762079370548 0.013220788637189906 -0.024442228122817673 -0.030675027914161941 0.0040233292370086748 -0.00028573524236149314 0.01225711527055299 -0.015555115619464993 -0.03719391466013882 -0.043707417205965958 0.0022360986502082273 -0.033816830970886856 -0.0095383502997994068 -0.004225693512660676 -0.016066770167409233 -0.024098901032911787 -0.0082275650003264915 -0.0023769413236718181 -0.00043037581037055645 -0.046132773935292477
leaf_weight=23370.425146547022 167.36568163186894 250.39033891398867 197.22470252262428 252.67980079776316 123.87062310164947 224.45213048081632 278.34556234766205 116.03154824335797 370.36985651269879 286.58406776923221 281.99280845056637 1242.372247163775 944.2504680268064 1134.7537935901491 94942.922450996295 267.91924908711007 2864.8805986040243 4095.1368982144122 162.99703493529887 155.74559554486768 494.50718768975639 1065.4913906403017 1712.9585073560652 253.6501097770888
leaf_count=173275 848 711 1283 1810 734 1374 1294 580 2236 1212 867 7716 5623 6513 693466 1774 17637 26149 1116 1105 2332 6291 10686 1928
internal_value=0.000139338 -0.0187974 0.000991952 -0.0262312 -0.00355053 0.00121369 0.000983086 0.00149731 0.0147573 0.0170157 -0.00727078 -0.0303349 -0.0250262 -0.0384627 0.00172695 -0.0264478 -0.00470853 -0.00495446 -0.0336622 -0.0111854 -0.01449 -0.00757767 0.00114522 -0.0398063
internal_weight=135257 5827.48 129430 4235.66 661.606 128392 1591.82 122525 494.24 536.974 1054.85 3574.06 2186.62 1387.43 118313 1037.54 5867.78 4211.17 684.566 352.97 772.853 3930.37 1937.41 521.569
internal_count=968560 31896 936664 25480 3818 929458 6416 893470 2970 1923 4493 21662 13339 8323 866741 7206 35988 26729 4818 2388 3626 23928 12060 3702
cat_boundaries=0 1 2 3 4 5 6 7 8 9 10 11 12
cat_threshold=1 33 8 1348 6 278 26 8 16 2832 1665 19
is_linear=0
shrinkage=0.0714161


Tree=14
num_leaves=24
num_cat=4
split_feature=2 6 6 3 5 5 10 3 3 3 5 0 3 3 0 3 0 10 8 6 8 9 9
split_gain=372.156 146.883 134.225 79.3582 55.1183 48.9602 46.0958 41.1695 39.3084 31.3686 34.0321 41.0007 27.4739 23.201 17.4602 16.266 16.6995 15.6637 10.7747 7.67402 6.27059 5.42005 3.63094
threshold=0 0.22090334329822672 4.6488078414589937 -0.060127941814500312 0.74185775616305694 -1.3653186645983151 0.58898900839137658 1.5688896029563213 -0.85893605994729216 -0.62893327394408771 0.16657273446050283 1 -0.07932104428756008 0.67929887731647054 2 -0.087321089356558149 3 0.78170354936807718 0.72857142336734571 -0.11117910952323186 0.55905511480872905 4.0624939916937457 0.52351731699540671
decision_type=1 2 2 2 2 2 2 2 2 2 2 1 2 2 1 2 1 2 2 2 2 2 2
left_child=1 9 3 6 7 -3 8 -5 -2 18 14 -12 -4 -6 -11 20 -17 21 -1 -8 -7 -14 -19
right_child=2 5 12 4 13 15 19 -9 -10 10 11 -13 17 -15 -16 16 -18 22 -20 -21 -22 -23 -24
leaf_value=-0.013720464176624404 0.010277959425230508 0.025586061433557093 0.0076686228611098882 0.00074666038353913818 -0.0039501485224739995 0.013937510332969872 0.0015900278139712577 -0.0099180670912665438 0.0037244076772860097 -0.012940113725000884 -0.0080733125211334966 -0.039587879607000623 -0.030256869770184575 -0.01474255837581759 -0.02624023481554405 -0.030420721574061105 -0.0057252782819657618 -0.0023756224052147073 0.011765691901070402 -0.001644990765996781 -0.002957826351200473 -0.044386539359634117 -0.021181155904494566
leaf_weight=239.39845823016367 5539.8895055419198 326.1152106270747 117.94139014999382 65907.473595324365 9271.8563210797911 223.82288327379501 7732.2811535195542 1899.3629625369649 29657.241902847323 944.90927749997354 274.2609715689523 1318.9730319370228 512.16163137777767 1140.9420435292668 1298.0188237026887 174.64992739752051 641.17209730439572 104.22998680276214 130.84499902580865 7243.3527496004572 224.33146492761443 189.76552421785891 105.23446615332796
leaf_count=1357 32668 1017 627 488977 65833 915 58335 9873 220783 5642 1769 7970 3638 6615 8005 827 2684 711 737 46374 973 1440 790
internal_value=0.000128185 -0.0175754 0.000921089 0.00112702 -0.000294979 0.000914839 0.00334392 0.000447927 0.00475591 -0.0245651 -0.026481 -0.0344621 -0.0247652 -0.00513269 -0.0208118 -0.00545052 -0.0114551 -0.0289623 -0.00471359 2.53274e-05 0.00548026 -0.0340768 -0.0118235
internal_weight=135218 5796.5 129422 128392 78219.6 1590.09 50172.8 67806.8 35197.1 4206.41 3836.16 1593.23 1029.33 10412.8 2242.93 1263.98 815.822 911.392 370.243 14975.6 448.154 701.927 209.464
internal_count=968560 31896 936664 929458 571298 6416 358160 498850 253451 25480 23386 9739 7206 72448 13647 5399 3511 6579 2094 104709 1888 5078 1501
cat_boundaries=0 1 2 3 4
cat_threshold=2 16 6 8
is_linear=0
shrinkage=0.0714161


Tree=15
num_leaves=25
num_cat=11
split_feature=2 6 6 3 1 3 0 0 3 1 6 1 5 1 6 1 1 0 3 7 6 1 5 3
split_gain=338.166 124.866 116.414 83.0162 82.5929 47.1963 72.1452 55.9421 43.5873 44.7435 37.1967 33.6255 32.2158 40.8654 27.8625 26.5864 24.1251 19.7214 16.4948 16.4058 14.7381 12.659 8.43855 8.25736
threshold=0 3.3945689690776426 0.72250797013698131 -0.54464679416367512 1 -0.015342399171399854 2 3 1.2519925247896713 4 0.14556931237254866 5 0.69862274936819069 6 0.21119981188723333 7 8 9 -0.10787745936520526 -0.10774816740162892 7.3762618877660051 10 1.2070418747087868 -1.0000000180025095e-35
decision_type=1 2 2 2 1 2 1 1 2 1 2 1 2 1 2 1 1 1 2 2 2 1 2 2
left_child=1 3 4 12 5 6 -2 -7 10 -10 -5 20 15 -14 17 -1 -4 -6 -13 -16 22 -20 -3 -18
right_child=2 11 16 8 14 7 -8 -9 9 -11 -12 18 13 -15 19 -17 23 -19 21 -21 -22 -23 -24 -25
leaf_value=0.00054606215125207775 0.031842910924361957 0.021323402519902893 0.023179907749168154 0.0012741271834104315 -0.021473401718247218 0.0066286959169826968 -0.014190582415840234 -0.031770616545230349 0.0012968605774626341 -0.015463348188040578 -0.0017845372573871462 -0.00093327374453556881 0.031734095089975468 0.0081163339379522956 -0.0236580322756926 0.0071735505718367931 0.0074165425132474974 -0.034780640580794393 -0.042960309722004278 0.00043954732325100803 -0.023683268402728316 -0.022807814584765336 -0.0029372190322708787 -0.011653784824227104
leaf_weight=4990.7811916863902 308.79731543695743 124.10933629254578 322.16083031597373 82589.972265121381 1047.5989982656788 299.20534300412874 373.47001629741862 540.38042500150823 1495.4836693537718 1775.2695754401002 26877.693345873122 127.91341405536514 508.62671556181522 1427.780369850494 325.59067086578398 8125.0018641240749 231.5965179608902 1815.8008005951938 247.66593159944387 258.49074514000677 108.24120343435789 827.56116831797772 177.99632714498148 231.61336143294466
leaf_count=31953 1768 747 1095 637411 6718 1710 2281 3158 7963 9888 174085 626 2757 8957 1575 52891 787 10950 1867 1139 803 5630 1208 801
internal_value=-5.70804e-05 0.000696235 -0.0169966 0.00094551 -0.0210347 -0.00700232 0.00690312 -0.0183856 0.000280402 -0.00784341 0.000523131 -0.0190467 0.00592706 0.0145257 -0.0271302 0.00465756 0.00855383 -0.0301085 -0.0249697 -0.0129934 -0.00104648 -0.0280614 0.00702939 -0.00207419
internal_weight=135159 129404 5754.71 127791 4969.33 1521.85 682.267 839.586 112738 3270.75 109468 1613.49 15052.2 1936.41 3447.48 13115.8 785.371 2863.4 1203.14 584.081 410.347 1075.23 302.106 463.21
internal_count=968768 936786 31982 925905 29299 8917 4049 4868 829347 17851 811496 10881 96558 11714 20382 84844 2683 17668 8123 2714 2758 7497 1955 1588
cat_boundaries=0 1 2 3 4 5 6 7 8 9 10 11
cat_threshold=1 1185 18 6 1233 2576 100 277 2438 24 96
is_linear=0
shrinkage=0.0714161


Tree=16
num_leaves=23
num_cat=4
split_feature=2 6 6 3 3 6 6 9 0 5 10 3 3 5 6 10 8 8 0 10 0 9
split_gain=293.451 108.631 101.41 71.6653 41.6168 44.1653 37.8441 36.3301 34.3921 27.9074 28.941 27.1083 22.7003 33.3385 19.3359 18.96 17.4099 17.1014 14.8325 11.1759 7.25969 6.97046
threshold=0 3.3945689690776426 0.72250797013698131 -0.54464679416367512 0.31100440637601873 -0.15790143634927836 -0.42951947255668754 -0.48445627100186106 1 0.69862274936819069 -0.65898458054845965 -0.10787745936520526 -0.36628213769512313 0.16657273446050283 7.3762618877660051 0.24133139461785993 0.83333328703703968 0.88749998890625881 2 0.72441923064863334 3 0.1003477679036329
decision_type=1 2 2 2 2 2 2 2 1 2 2 2 2 2 2 2 2 2 1 2 1 2
left_child=1 3 6 9 5 -5 7 -2 -6 10 -1 -3 16 -14 19 21 -8 -11 -9 -13 -16 -4
right_child=2 11 15 4 8 -7 12 18 -10 17 -12 14 13 -15 20 -17 -18 -19 -20 -21 -22 -23
leaf_value=0.010453533761674526 -0.067099517169931427 0.0081719924020484218 -0.011850198026558765 0.0029491854189977562 -5.7762252281722009e-05 -0.00038433964176148275 -0.010070222917895246 -0.047216858566283493 -0.0049537871364891484 0.010131442252905997 0.0024890447174194296 -0.020225395384196824 -0.013073446329641639 -0.027860830790237316 -0.012095957250536089 0.019587687903916531 0.019352584628117807 0.026841640694868017 -0.021616317761984888 -0.0031531416131624383 -0.038100825348837498 0.0067687180376469298
leaf_weight=3024.4883397719059 129.63121741625946 181.50208456045948 207.2241059076041 36520.270593204623 18602.887006839181 45556.976466086286 475.55122053026571 156.12958428220008 12056.961497495202 1543.379384527143 10089.897158968175 697.2550807676671 2020.6842554372333 1264.0216239678439 103.1803598786355 374.54999896060326 130.77660431270488 391.6241392968841 762.97800583864409 271.8014496032265 350.85409657467244 203.02814454189502
leaf_count=19753 673 897 753 295830 129191 318747 2699 1011 85579 9340 65091 4767 11480 7664 691 1219 726 2374 5046 1750 2776 711
internal_value=-5.37269e-05 0.000646326 -0.0158768 0.000878205 0.000260282 0.00109891 -0.0196655 -0.0317059 -0.00198475 0.00550715 0.00432584 -0.01782 -0.0164203 -0.0187639 -0.0211351 0.00797037 -0.00372413 0.0135134 -0.026714 -0.015437 -0.0332967 -0.00263595
internal_weight=135116 129391 5724.57 127786 112737 82077.2 4939.77 1048.74 30659.8 15049.4 13114.4 1604.59 3891.03 3284.71 1423.09 784.802 606.328 1935 919.108 969.057 454.034 410.252
internal_count=968768 936786 31982 925905 829347 614577 29299 6730 214770 96558 84844 10881 22569 19144 9984 2683 3425 11714 6057 6517 3467 1464
cat_boundaries=0 1 2 3 4
cat_threshold=1 7 1 16
is_linear=0
shrinkage=0.0714161


Tree=17
num_leaves=26
num_cat=8
split_feature=2 6 6 1 3 3 0 0 3 10 1 9 6 1 6 5 6 1 10 3 0 10 9 8 10
split_gain=254.554 96.1206 88.1196 73.1216 62.8708 40.1595 61.1992 48.8602 37.8188 35.2408 31.799 28.7246 28.6598 28.2987 26.9345 26.629 24.3823 20.9965 19.7672 18.4415 14.7246 12.9393 8.41593 9.64393 7.35985
threshold=0 2.2308387523133506 0.72250797013698131 1 0.18847861530731705 -0.015342399171399854 2 3 -0.73759896992001739 0.65559258421679778 4 1.0000000180025095e-35 0.14556931237254866 5 7.3762618877660051 0.57997383315003936 0.21119981188723333 6 0.24133139461785993 -0.62893327394408771 7 0.81808488702319748 2.080323154991595 0.44444442798352807 -0.32851921540459894
decision_type=1 2 2 1 2 2 1 1 2 2 1 2 2 1 2 2 2 1 2 2 1 2 2 2 2
left_child=2 4 3 5 8 6 -1 -7 15 11 22 -6 -10 -11 21 -2 19 -4 -19 -5 -18 -12 23 -3 -16
right_child=1 10 17 16 9 7 -8 -9 12 13 14 -13 -14 -15 24 -17 20 18 -20 -21 -22 -23 -24 -25 -26
leaf_value=0.030571596313804694 0.0044687042153797952 -0.040408025021999923 0.021072788196501688 -0.0084058111039142461 -0.00041693135181486803 0.0075673402712266233 -0.011904866705376991 -0.028352083977007531 0.0022916425582791664 -0.0021756257034525901 -0.0095369266624501722 -0.0047443733497662026 -0.00093366496959598462 0.0049771289733068829 -0.039125996188099213 0.014246277682774072 -0.0016614804966706314 -0.017036481951489022 0.012478648001741879 -0.028767185256261596 -0.025031362443926283 0.0036008538016985624 -0.048885703870444032 -0.013238646030379242 -0.018881656835601526
leaf_weight=309.08998164080549 8323.3928404219914 122.18133535023662 321.43338252898684 248.81690874462947 15621.357231619333 298.62128098070298 370.90008779257187 533.82025057810733 54803.230770125811 4803.9902060271734 1442.6130997138316 15671.532742271929 18896.613930477717 6813.6832672104147 148.87686936448154 1713.0284645697539 362.75349301443202 235.60490631422726 227.46043651993386 2571.8445362639304 218.65213838609088 520.23070183428354 112.09362042756402 146.56103163969237 238.03239672919881
leaf_count=1768 51080 898 1095 1403 112245 1710 2281 3158 426430 34416 9074 112941 125098 46757 1183 10041 1695 848 740 16265 1019 3068 835 1018 1702
internal_value=-5.08193e-05 0.000599859 -0.0148224 -0.0183704 0.000885689 -0.00516442 0.00767736 -0.0157164 0.00202475 -0.0013371 -0.0126571 -0.00258412 0.00146467 0.00202183 -0.00940955 0.00613755 -0.0241552 0.0074044 -0.00248482 -0.0269711 -0.0109094 -0.0060549 -0.0316172 -0.025591 -0.0266714
internal_weight=135076 129377 5699 4914.5 126647 1512.43 679.99 832.442 83736.3 42910.6 2730.59 31292.9 73699.8 11617.7 2349.75 10036.4 3402.07 784.499 463.065 2820.66 581.406 1962.84 380.836 268.742 386.909
internal_count=968768 936786 31982 29299 919008 8917 4049 4868 612649 306359 17778 225186 551528 81173 15027 61121 20382 2683 1588 17668 2714 12142 2751 1916 2885
cat_boundaries=0 1 2 3 4 5 6 7 8
cat_threshold=2 1185 18 6 96 2708 2438 13
is_linear=0
shrinkage=0.0714161


Tree=18
num_leaves=31
num_cat=8
split_feature=3 5 3 1 10 5 1 6 8 6 1 1 5 5 1 5 9 9 8 1 3 3 0 10 6 4 1 5 9 4
split_gain=61.8084 51.4016 34.7239 40.84 32.8491 29.8162 38.0135 43.8246 29.3824 28.343 31.0534 26.9518 21.9527 15.904 13.7213 14.2769 12.2672 12.0823 11.0996 10.9043 16.6666 10.0829 9.68375 10.4061 7.9067 7.79855 7.4638 5.02695 5.12436 2.75047
threshold=-0.3426404538790136 2.0623960172085183 1.5688896029563213 0 0.74593908971106437 0.12409081883108038 1 -0.097557159064982926 0.070422534467368875 -0.83388290900479234 2 3 0.22443568468685879 0.50037798742524286 4 -1.3099286900864426 0.50646241336176723 -0.14839174085832099 0.72463767065741636 5 -0.73759896992001739 -2.1871451220335083 6 -0.18552385430868376 -0.50142153138916135 0.77385829196169864 7 4.3438658075840886 -0.50081511110960397 0.82674272441116814
decision_type=2 2 2 1 2 2 1 2 2 2 1 1 2 2 1 2 2 2 2 1 2 2 1 2 2 2 1 2 2 2
left_child=4 2 9 24 5 19 7 -7 -8 10 -2 22 -11 -5 15 -6 25 -17 -18 20 -1 -21 26 -24 -4 -16 -3 28 -13 -29
right_child=1 11 3 13 14 6 8 -9 -10 12 -12 27 -14 -15 16 17 18 -19 -20 21 -22 -23 23 -25 -26 -27 -28 29 -30 -31
leaf_value=0.010200329037805543 0.0059161202605743585 0.017256746202758636 -0.0073208830610530439 0.0012792261768758064 -0.018956669023680154 -0.0087240035947269111 -0.0086134710346034409 0.014327128131929599 0.011989333180865107 0.00044033510848028723 -0.013236032015741151 -0.0035237993185625546 -0.0017639379736078733 -0.01812302572856013 -0.0039976176386895797 0.011754472080622334 -0.0067747763852011389 0.00066985301043056991 -0.032388355966610397 0.01075263032089065 0.001333456704467959 -0.00041089315391510642 -0.022430191827910007 -0.0026148666827542654 -0.026363408923180773 0.011984964304884389 -0.0024763872594049134 -0.02236968961830179 -0.019549216333844658 -0.036160155086004064
leaf_weight=1799.6295799042555 576.31837170770814 147.71203585155308 134.95864941715263 1161.9123483372287 155.75841955327633 1251.9339709006292 376.83924468598707 633.52064079833144 5590.7502691249647 68410.074316005048 1684.3301196361099 121.49249205298838 34748.297017598496 264.53101852777309 2777.2977347948035 654.27531268793973 214.26917554764077 2148.3177115716753 144.46943673323403 441.68318168958467 2708.2450302543803 6276.0647976093942 204.69197357298981 397.97378518742698 631.94197350183094 164.95695943030296 256.1920542935477 188.48388085470651 626.85512876727807 121.19250589824514
leaf_count=11055 4810 982 865 5793 780 8877 2365 3885 38833 498128 12298 774 257316 1292 18446 4207 1189 14348 846 1895 19271 43480 1473 2615 3287 1083 1722 1337 4129 886
internal_value=-0.00014026 -0.000874703 -0.000660555 -0.00955432 0.00303881 0.00451167 0.00788715 -0.000973563 0.0106704 -0.000475512 -0.00838586 -0.0120367 -0.000302161 -0.00230274 -0.00145051 0.00208097 -0.00460778 0.0032576 -0.0170898 0.00215031 0.00486249 0.000322614 -0.00351134 -0.0091925 -0.0227161 -0.00310156 0.0049828 -0.0199259 -0.0169475 -0.0277666
internal_weight=135015 109677 107612 2193.34 25338 19078.7 7853.04 1885.45 5967.59 105419 2260.65 2064.59 103158 1426.44 6259.34 2958.35 3300.99 2802.59 358.739 11225.6 4507.87 6717.75 1006.57 602.666 766.901 2942.25 403.904 1058.02 748.348 309.676
internal_count=968267 797707 783789 11237 170560 129661 53960 12762 41198 772552 17108 13918 755444 7085 40899 19335 21564 18555 2035 75701 30326 45375 6792 4088 4152 19529 2704 7126 4903 2223
cat_boundaries=0 1 2 3 4 5 6 7 8
cat_threshold=2852 1792 2384 2709 3397 2602 20 132
is_linear=0
shrinkage=0.0714161


Tree=19
num_leaves=20
num_cat=9
split_feature=2 5 6 6 1 0 3 1 3 3 1 6 3 0 1 3 0 3 1
split_gain=220.669 113.368 76.6332 42.9592 54.1309 86.3651 40.2887 41.2608 33.8056 23.3426 23.3308 44.4289 26.1187 23.1699 20.0426 24.0728 19.0128 18.4158 13.2911
threshold=0 -1.5805351834360866 3.3945689690776426 0.21119981188723333 1 2 0.090381434356810272 3 1.018893951662909 -0.10363332709837979 4 -0.18124913346481672 -0.51661760089832487 5 6 -0.07932104428756008 7 0.11121270772952548 8
decision_type=1 2 2 2 1 1 2 1 2 2 1 2 2 1 1 2 1 2 1
left_child=1 -1 6 4 5 -3 10 16 -9 -4 11 -2 -12 -6 -5 -16 -8 18 -11
right_child=2 3 9 14 13 -7 7 8 -10 17 12 -13 -14 -15 15 -17 -18 -19 -20
leaf_value=0.029146956180277558 0.0057770970964113868 -0.044879865268312932 0.0087027114237951328 0.0096137997174688648 -0.018266484201497138 0.014426838218683345 -0.0099285983255791282 0.00091916107540041501 -0.0061014857682083739 -0.033734661352870531 0.0041845969723860342 0.00083162859914260928 -0.00057547590474889916 -0.030741223515879476 0.0047831630190486038 -0.0184863308504148 -0.0029783756088837708 0.0027308579728415341 -0.01619593068061766
leaf_weight=295.62111571265268 16559.810343091202 158.0346573346178 184.67881036712788 341.32474777829702 1995.8464168305572 481.71225749449877 2498.4461621342584 38665.766962568865 3845.9971910124659 338.78252298829466 7483.7255653299326 21032.081179947148 27420.91091092338 1406.8640102086501 348.64252858725376 648.55395374408363 10240.122835158887 184.07373238564469 872.42512566899677
leaf_count=968 130442 827 931 1403 12509 2921 19604 280054 22090 2656 48829 144362 203591 8818 1511 2858 76507 1058 6328
internal_value=-0.000130252 -0.0139117 0.000474663 -0.0162773 -0.0199491 -0.00068876 0.000667997 -0.000784797 0.000283943 -0.0151573 0.00177519 0.00300938 0.00044498 -0.0234992 -0.00518797 -0.010248 -0.00434826 -0.0183154 -0.0215139
internal_weight=135003 5676.6 129327 5380.98 4042.46 639.747 127747 55250.3 42511.8 1579.96 72496.5 37591.9 34904.6 3402.71 1338.52 997.196 12738.6 1395.28 1211.21
internal_count=968267 31815 936452 30847 25075 3748 925479 398255 302144 10973 527224 274804 252420 21327 5772 4369 96111 10042 8984
cat_boundaries=0 1 2 3 4 5 6 7 8 9
cat_threshold=2 33 8 2192 2740 26 388 16 104
is_linear=0
shrinkage=0.0714161


Tree=20
num_leaves=22
num_cat=5
split_feature=2 5 5 3 1 3 1 5 9 10 3 8 1 9 3 1 3 4 7 7 10
split_gain=191.554 98.2189 44.1038 35.4837 36.567 30.8482 30.4704 35.4572 27.0245 26.7648 26.7552 31.1449 27.4385 25.5352 24.3828 20.7423 19.5202 15.0338 11.6367 10.8791 9.40691
threshold=0 -1.5805351834360866 2.0623960172085183 1.5688896029563213 1 -0.57604414600590148 2 -0.48371460768614682 0.52351731699540671 -0.69892184979998706 -0.045933661195580393 0.21874999715169055 3 0.10758716609976963 -0.25852391243273481 4 -0.36628213769512313 0.39004872127679507 -0.43374101741238985 -0.81962019035991196 0.40429746668890104
decision_type=1 2 2 2 1 2 1 2 2 2 2 2 1 2 2 1 2 2 2 2 2
left_child=1 -1 3 5 18 9 10 13 -7 -2 12 -12 -3 -8 -4 20 -9 -6 -5 -17 -16
right_child=2 6 14 4 17 8 7 16 -10 -11 11 -13 -14 -15 15 19 -18 -19 -20 -21 -22
leaf_value=0.027118903078994675 0.0098522059674517673 0.0098704028233489536 0.015225915490997817 -0.037423740313570049 0.0027774909932432165 0.00073840508727421284 -0.014139565626171502 -0.007901336386792775 -0.0029701990952943885 0.0022791835947192501 0.002752525472424694 -0.021618172457674008 -0.011578241956839213 0.01992068634056093 -0.010735872603250958 -0.032492387886755424 -0.02810975253785724 -0.014195216975852487 -0.016475791441429622 -0.015223108537544369 0.0037417996830890875
leaf_weight=295.05865857870958 3040.5450879469809 545.55478375785242 180.48277967423201 178.23483917288831 1027.6268344615692 99965.3963006345 434.52753067741287 283.39061480294913 11137.991683815344 10960.084798366637 345.30050882921205 1186.2619965390713 663.09790739051823 151.37031169666443 530.68900061142767 250.7961761915758 1744.4833736432593 359.21188769180844 560.81231497180124 720.71779363771202 402.50930738220859
leaf_count=968 19543 3228 1014 1071 5129 747306 2446 1714 74717 69675 1909 6883 3565 591 3753 1880 10511 1785 2966 4916 2697
internal_value=-0.000121936 -0.0129946 0.000440399 0.000609244 -0.00853993 0.000764716 -0.0152053 -0.0207353 0.000366622 0.00392383 -0.00981891 -0.0161236 -0.001911 -0.00533989 -0.00986182 -0.012239 -0.0252857 -0.0016071 -0.0212404 -0.0194807 -0.00444371
internal_weight=134964 5649.05 129315 127230 2125.89 125104 5353.99 2613.77 111103 14000.6 2740.22 1531.56 1208.65 585.898 2085.2 1904.71 2027.87 1386.84 739.047 971.514 933.198
internal_count=968267 31815 936452 922192 10951 911241 30847 15262 822023 89218 15585 8792 6793 3037 14260 13246 12225 6914 4037 6796 6450
cat_boundaries=0 1 2 3 4 5
cat_threshold=2 2852 1257 161 2709
is_linear=0
shrinkage=0.0714161


Tree=21
num_leaves=31
num_cat=11
split_feature=3 5 1 6 0 5 1 3 1 3 6 1 9 1 1 6 0 9 5 6 1 7 8 9 6 0 6 1 5 3
split_gain=43.0232 58.5595 41.6321 26.6679 24.4177 22.6522 27.5927 38.3682 45.5457 22.2948 21.1417 18.8408 21.4406 22.5534 18.6358 17.7611 27.6476 15.3217 15.785 14.6853 14.4682 12.5829 12.2464 10.5968 24.9201 18.5298 9.92589 9.02443 8.87755 7.3142
threshold=-0.083435470721569968 0.8735832818752719 0 -0.80234536588596428 1 0.0941831215312076 2 -0.71291851758260139 3 1.018893951662909 -0.44377104181127253 4 0.26585307264803104 5 6 -0.46998370055467414 7 0.24958944458636148 -0.68934137380013294 7.3762618877660051 8 0.51877205300710949 0.10169491453605496 0.1003477679036329 -0.13363398540760282 9 2.2308387523133506 10 0.51008286171896544 -0.26482210662040778
decision_type=2 2 1 2 1 2 1 2 1 2 2 1 2 1 1 2 1 2 2 2 1 2 2 2 2 1 2 1 2 2
left_child=5 2 19 4 -4 11 15 8 -8 -5 -9 17 20 -14 23 16 -7 18 -1 21 -13 -2 27 25 -25 -3 -24 -16 -17 -19
right_child=1 14 3 9 -6 6 7 10 -10 -11 -12 12 13 -15 22 28 -18 29 -20 -21 -22 -23 26 24 -26 -27 -28 -29 -30 -31
leaf_value=0.0098409330335217735 -0.0026820114124875638 0.00092165117555642606 0.0046531490203289118 0.0019790470268306413 -0.02044157925046055 0.025079132417579073 0.015152988602257045 -0.006692310442616034 -0.0010538182675082087 -0.0050955981593666924 0.0013487581125526135 0.0027517147352811057 0.0014439623536540442 -0.011477886447061636 0.013414721622317608 0.0023441521964312493 0.0019048615061546313 0.0246268952462829 5.5527725000026125e-05 -0.027728447091144887 -0.0011030635438609084 0.00059476176233601687 -0.0080184969090424437 0.017280178557012461 -0.0032830071253693131 -0.019827802503819419 -0.016196627745941938 -0.0047687724030879017 0.0089109426957222956 0.0068803998093930445
leaf_weight=1238.0151976736311 28416.312894507482 604.26346966181654 312.43925279303767 36756.685591331341 528.82461473474723 659.72888950605784 2111.4280835494983 1988.4811388388771 1522.4585619512754 2421.5651049409425 10335.993272078067 7980.6959701671622 1162.4812434790304 1687.8025653936299 202.26166376436595 2000.9319046688579 447.66890616292176 266.19167896658473 2620.2936107312048 113.44111063660239 13110.559023834136 7569.0158648640536 5369.2637671533894 435.62263610093942 969.62259591493648 336.54018999857317 881.14590757862607 395.61467496198293 2209.2817396090995 213.41518173550139
leaf_count=7860 215935 4294 2417 268351 3925 5384 12806 15022 9021 14261 75332 56991 7730 10710 1301 15177 3696 1765 18729 803 91378 49736 36704 2811 6624 2427 6299 2770 16189 1528
internal_value=6.99887e-06 -0.000965148 -0.000314863 0.00127131 -0.0113093 0.00168061 0.00344095 0.00195163 0.00840176 0.00154177 5.13792e-05 0.00035622 -0.000429152 -0.00624295 -0.00634875 0.00789196 0.0159545 0.004681 0.00319537 -0.00207309 0.000356323 -0.00199279 -0.00822536 -0.000832171 0.00309153 -0.00670171 -0.0091714 0.00152732 0.00579003 0.0167301
internal_weight=134868 85312.6 76118.3 40019.5 841.264 49555.4 21276 15958.4 3633.89 39178.3 12324.5 28279.5 23941.5 2850.28 9194.33 5317.61 1107.4 4337.92 3858.31 36098.8 21091.3 35985.3 6848.29 2346.05 1405.25 940.804 6250.41 597.876 4210.21 479.607
internal_count=967976 618658 555428 288954 6342 349318 152627 112181 21827 282612 90354 196691 166809 18440 63230 40446 9080 29882 26589 266474 148369 265671 47074 16156 9435 6721 43003 4071 31366 3293
cat_boundaries=0 1 2 3 4 5 6 7 8 9 10 11
cat_threshold=2203 5 2192 109 2560 389 769 26 1128 28 84
is_linear=0
shrinkage=0.0714161


end of trees

feature_importances:
lag_20d_volatility_z=112
month=104
gap_sigma=97
lag_20_day_log_ret_z=56
dow=52
interaction_z=37
prev_close_loc=27
hurst_z=20
is_month_end=18
lag_5_day_log_ret_z=17
rel_vol_z=8

parameters:
[boosting: gbdt]
[objective: binary]
[metric: binary_logloss]
[tree_learner: serial]
[device_type: cpu]
[data_sample_strategy: bagging]
[data: ]
[valid: ]
[num_iterations: 100]
[learning_rate: 0.0714161]
[num_leaves: 47]
[num_threads: 0]
[seed: 43]
[deterministic: 0]
[force_col_wise: 0]
[force_row_wise: 0]
[histogram_pool_size: -1]
[max_depth: 5]
[min_data_in_leaf: 725]
[min_sum_hessian_in_leaf: 0.001]
[bagging_fraction: 0.803243]
[pos_bagging_fraction: 1]
[neg_bagging_fraction: 1]
[bagging_freq: 3]
[bagging_seed: 11149]
[bagging_by_query: 0]
[feature_fraction: 0.784776]
[feature_fraction_bynode: 1]
[feature_fraction_seed: 21351]
[extra_trees: 0]
[extra_seed: 16806]
[early_stopping_round: 0]
[early_stopping_min_delta: 0]
[first_metric_only: 0]
[max_delta_step: 0]
[lambda_l1: 0]
[lambda_l2: 0]
[linear_lambda: 0]
[min_gain_to_split: 0]
[drop_rate: 0.1]
[max_drop: 50]
[skip_drop: 0.5]
[xgboost_dart_mode: 0]
[uniform_drop: 0]
[drop_seed: 2965]
[top_rate: 0.2]
[other_rate: 0.1]
[min_data_per_group: 100]
[max_cat_threshold: 32]
[cat_l2: 10]
[cat_smooth: 10]
[max_cat_to_onehot: 4]
[top_k: 20]
[monotone_constraints: ]
[monotone_constraints_method: basic]
[monotone_penalty: 0]
[feature_contri: ]
[forcedsplits_filename: ]
[refit_decay_rate: 0.9]
[cegb_tradeoff: 1]
[cegb_penalty_split: 0]
[cegb_penalty_feature_lazy: ]
[cegb_penalty_feature_coupled: ]
[path_smooth: 0]
[interaction_constraints: ]
[verbosity: 1]
[saved_feature_importance_type: 0]
[use_quantized_grad: 0]
[num_grad_quant_bins: 4]
[quant_train_renew_leaf: 0]
[stochastic_rounding: 1]
[linear_tree: 0]
[max_bin: 255]
[max_bin_by_feature: ]
[min_data_in_bin: 3]
[bin_construct_sample_cnt: 200000]
[data_random_seed: 179]
[is_enable_sparse: 1]
[enable_bundle: 1]
[use_missing: 1]
[zero_as_missing: 0]
[feature_pre_filter: 1]
[pre_partition: 0]
[two_round: 0]
[header: 0]
[label_column: ]
[weight_column: ]
[group_column: ]
[ignore_column: ]
[categorical_feature: 0,1,2]
[forcedbins_filename: ]
[precise_float_parser: 0]
[parser_config_file: ]
[objective_seed: 26397]
[num_class: 1]
[is_unbalance: 0]
[scale_pos_weight: 1]
[sigmoid: 1]
[boost_from_average: 1]
[reg_sqrt: 0]
[alpha: 0.9]
[fair_c: 1]
[poisson_max_delta_step: 0.7]
[tweedie_variance_power: 1.5]
[lambdarank_truncation_level: 30]
[lambdarank_norm: 1]
[label_gain: ]
[lambdarank_position_bias_regularization: 0]
[eval_at: ]
[multi_error_top_k: 1]
[auc_mu_weights: ]
[num_machines: 1]
[local_listen_port: 12400]
[time_out: 120]
[machine_list_filename: ]
[machines: ]
[gpu_platform_id: -1]
[gpu_device_id: -1]
[gpu_use_dp: 0]
[num_gpu: 1]

end of parameters

pandas_categorical:[[0, 1, 2, 3, 4], [1, 2, 3, 4, 5, 6, 7, 8, 9, 10, 11, 12], [0, 1]]
